-8.343130354918883995e+01 -7.439855825855033800e+01 -7.465329407900014758e+01 -8.552553400031234787e+01 -8.023126392505150761e+01 -7.540640933164519311e+01 -8.543333816056926366e+01 -7.728422436220564862e+01 -7.072758207634171868e+01 -7.669292750820626736e+01 -8.022987544770373347e+01 -8.624933786877815578e+01 -8.300904991127001153e+01 -8.170629722585573518e+01 -8.244904240063759460e+01 -9.037613178133278780e+01 -7.760148705387922519e+01
-7.867537404123889644e+01 -9.677939274964245442e+01 -9.262516092035423299e+01 -8.515695241095909296e+01 -9.022019749360981677e+01 -7.808644456014569357e+01 -7.689270967868870343e+01 -7.743592763272368984e+01 -8.045634605409046003e+01 -7.986814205116893106e+01 -8.344955810031018473e+01 -7.921911996262167577e+01 -6.914579206965950675e+01 -7.666463536960090153e+01 -9.885191663037973342e+01 -5.863878413758062891e+01 -7.738448949875360938e+01
-7.291768590292073782e+01 -7.225054455365238937e+01 -9.088885453078943044e+01 -7.665051255804617369e+01 -8.415738131167100278e+01 -8.063680377648017839e+01 -8.480348355836552798e+01 -8.075335663687260990e+01 -8.804474809395755130e+01 -8.451278222857700939e+01 -7.292973143719619600e+01 -8.320847166822632346e+01 -7.947159828072504695e+01 -8.320856276817225705e+01 -8.335283866550388154e+01 -7.454372219064990190e+01 -8.100672701554695720e+01
-7.517004949837436811e+01 -8.133001169253842022e+01 -8.601410096314397435e+01 -1.055589514525284756e+02 -8.331328667505364649e+01 -8.161508458322080628e+01 -1.060822840927628761e+02 -8.188433166669371133e+01 -7.474782927924802323e+01 -8.551607520462256673e+01 -9.953613010754263257e+01 -6.918248731270885798e+01 -8.861931680940396916e+01 -7.918325265837317772e+01 -8.809257254116319302e+01 -8.917078934700512605e+01 -9.020588755983493456e+01
-7.869731372941453174e+01 -8.322163773751579186e+01 -8.478809991488303410e+01 -8.850007846495876151e+01 -9.841223398986731752e+01 -7.990979345169031944e+01 -5.877977543260725923e+01 -8.223123748724761128e+01 -9.091253376503840400e+01 -8.607867149926310901e+01 -8.084552118291057354e+01 -8.125085278643913966e+01 -8.162675125841202828e+01 -7.564974927952737005e+01 -9.199370023770366345e+01 -6.633544729987372079e+01 -8.647129302798465744e+01
-7.269441584562785863e+01 -8.294024285422565868e+01 -8.191416782577323374e+01 -8.604134055075505216e+01 -8.629995747542122331e+01 -9.730219782928270433e+01 -8.255973700026723350e+01 -9.210580613614037304e+01 -7.488822589733133839e+01 -7.884781481494691491e+01 -8.098972197317675636e+01 -8.142001230128123268e+01 -6.769748560803181192e+01 -7.911630381340235374e+01 -8.148067379157080836e+01 -7.405267532384684159e+01 -8.923349549646268031e+01
-6.384447459447321904e+01 -7.733673950406549125e+01 -9.099994111095256244e+01 -9.464146649506680831e+01 -7.386687061273727295e+01 -7.236701518803805300e+01 -1.024003745669513989e+02 -8.077613032810354809e+01 -8.271813028976845317e+01 -8.528720786062636705e+01 -9.168548519841523614e+01 -7.603916230299557810e+01 -7.886352433203543910e+01 -9.085627112483402357e+01 -6.642206210425938195e+01 -9.527503290220494137e+01 -8.565855628212563033e+01
-6.207329130222974101e+01 -7.550358616036933768e+01 -7.706352454584069278e+01 -8.937661683917750111e+01 -9.246040085638098560e+01 -8.680967428637126204e+01 -8.976943227808061465e+01 -9.966656914757727748e+01 -8.449916538095003204e+01 -8.677956792541104392e+01 -8.143869430703028911e+01 -8.582347251420918610e+01 -8.687378013199838733e+01 -6.351864646597496034e+01 -7.203836454462295080e+01 -8.613882357591145933e+01 -8.845679355444696057e+01
-6.553238181845354404e+01 -4.754265802007169128e+01 -7.859459224094010210e+01 -7.973052585405203274e+01 -7.837272811788592719e+01 -6.955688137264201032e+01 -7.994477241546842095e+01 -8.583439158530191548e+01 -9.265884053948440169e+01 -8.678841465923639475e+01 -8.547901055947146176e+01 -8.737770795143070757e+01 -8.074513163920138936e+01 -7.270205515593548284e+01 -7.906852628402069172e+01 -8.365691672187379879e+01 -8.359091526329089561e+01
-7.344621565382978190e+01 -6.803992704034951089e+01 -8.079238539780834572e+01 -8.147801893465113210e+01 -8.442092799820321147e+01 -7.165565592418572294e+01 -8.500082160053415237e+01 -8.001277591807831868e+01 -9.458591450962966007e+01 -9.693674711009970224e+01 -8.680382111833469594e+01 -8.350827932196553149e+01 -7.838042981673537213e+01 -8.175352415186988253e+01 -7.133194968842617811e+01 -8.304585289367824430e+01 -6.549044277712904716e+01
-6.186442790790599844e+01 -6.821220340215664635e+01 -8.938733398007242670e+01 -7.937661221302455772e+01 -8.045810058465370673e+01 -5.869471547009865731e+01 -8.778160790855294238e+01 -8.155435328884911428e+01 -9.241612578800032907e+01 -8.387476055345663895e+01 -8.907223682342223015e+01 -8.000775575103820358e+01 -7.967825190845638872e+01 -7.548332934539060091e+01 -8.242361296237471890e+01 -7.655992084882892357e+01 -7.217935002487453744e+01
-6.887770994066114838e+01 -7.733696408482396123e+01 -8.111420484204016645e+01 -6.558139985632075764e+01 -8.540801943193552859e+01 -9.568352845886519731e+01 -8.222038046916654253e+01 -7.821140995389565376e+01 -8.198914794475875567e+01 -8.932485671870242072e+01 -7.795071161244513291e+01 -9.649171901219746417e+01 -7.394567975986703345e+01 -7.705442165582221037e+01 -8.538791068447868327e+01 -7.552714192140494731e+01 -8.867828655187088316e+01
-7.024980068064257921e+01 -6.736799019813236100e+01 -7.184792430614869829e+01 -9.357966763106630026e+01 -8.107250882397362091e+01 -7.274840719463260541e+01 -8.260299516015192012e+01 -7.579406337042067321e+01 -7.466708716945095148e+01 -7.739728679875632622e+01 -8.785227292927207543e+01 -6.558314277584211993e+01 -8.882675393609896730e+01 -7.947462557425880902e+01 -8.230664161307427662e+01 -8.728804479616282208e+01 -8.563262234918589400e+01
-8.578383769991359031e+01 -7.634752508898115764e+01 -8.874667713615443176e+01 -9.068134101073913200e+01 -6.286134461141479335e+01 -7.931387962295956129e+01 -9.105458967370988432e+01 -7.392545411572646685e+01 -7.659100336995689418e+01 -8.248210401202318565e+01 -8.617514229089834998e+01 -7.652823082208279004e+01 -8.317944881593153639e+01 -9.722581031683010622e+01 -8.796283805414157086e+01 -8.601102832497727491e+01 -8.744901107017594200e+01
-7.725292519462223595e+01 -8.337882674633843294e+01 -8.521781984595511972e+01 -8.956142817050692884e+01 -8.605904163044377242e+01 -9.083110191325826577e+01 -7.620586898661090913e+01 -7.666306588852016546e+01 -8.811511202198457227e+01 -6.469447190637579581e+01 -8.928263077726761310e+01 -7.539690126243230850e+01 -8.200120089240233767e+01 -7.783376859998854513e+01 -1.093307195925499826e+02 -7.381571961833917328e+01 -9.676145451118382823e+01
-7.429890670341353598e+01 -7.236043538995134838e+01 -4.939865805538271104e+01 -8.983974415245512546e+01 -8.766107196450595040e+01 -8.079338233741040654e+01 -8.877610915919642309e+01 -8.139881007050340145e+01 -9.249990664717797983e+01 -8.076081382470140113e+01 -8.708658346635638736e+01 -7.709340053132028459e+01 -9.834372391043592643e+01 -8.081405213581832925e+01 -8.033983534196627829e+01 -1.023566417017701156e+02 -8.776011356112454109e+01
-5.282164704719838966e+01 -8.665125550445192459e+01 -7.719938169986481569e+01 -8.971255173504916058e+01 -8.307217277713205306e+01 -9.252131322456008888e+01 -8.982217122061607029e+01 -8.222314652410648250e+01 -7.815152753535997476e+01 -7.346809049354899912e+01 -8.290619569069494332e+01 -7.910140089126855401e+01 -8.437629246834465846e+01 -7.565501311414034546e+01 -9.549782851393064220e+01 -8.626202724272930311e+01 -1.105895331527872116e+02
