8 11  8 10  4 10  8 11 11  8 13  6 15  4 14 15 11
 4  1  4  2  0 20 18  4  8 19  8 18 18 14 12 20  2
 7  5 20 13  8 19  8 18 12 14 17  4  5 20 13 19  7
 0 13 10  8 11 11  8 13  6 22  8 11  3  6  0 12  4
 8 13 19  7  4  5 14 17 17  4 18 19  1  4  2  0 20
18  4 12  0 13  8 18 19  7  4 12 14 18 19  3  0 13
 6  4 17 14 20 18  0 13  8 12  0 11 14  5  0 11 11
19 14 10  8 11 11 18 14 12  4 19  7  8 13  6  6  8
21  4 18 12  4 19  7  4 12 14 18 19 19  7 17  8 11
11  8 13  6  4 23 15  4 17  4 13  2  4  8 19  8 18
 4 21  4 13  1  4 19 19  4 17 19  7  0 13  6  4 19
19  8 13  6 24 14 20 17 17 14  2 10 18 14  5  5 22
 8 19  7  0  6  8 17 11 19  7  4  1  4 18 19 15  0
17 19 14  5  8 19  8 18 19  7  0 19 22  7  4 13  8
 3  8  4  8 22  8 11 11  1  4 17  4  1 14 17 13  8
13 15  0 17  0  3  8  2  4  0 13  3  0 11 11 19  7
 4  8  7  0 21  4 10  8 11 11  4  3 22  8 11 11  1
 4  2 14 12  4 12 24 18 11  0 21  4 18  8 22  8 11
11 13 14 19  6  8 21  4 24 14 20 12 24 13  0 12  4
 1  4  2  0 20 18  4 24 14 20 22  8 11 11 19 17 24
19 14 18 11 14 22  3 14 22 13 14 17 18 19 14 15 12
24  2 14 11 11  4  2 19  8 13  6 14  5 18 11  0 21
 4 18  5 14 17 12 24  0  5 19  4 17 11  8  5  4  4
 1  4 14 17  8  4 19  4 12  4 19  7  7 15  8 19  8

11 14 11 13  7 13 11 14 14 11 16  9 18  7 17 18 14
 7  4  7  5  3 23 21  7 11 22 11 21 21 17 15 23  5
10  8 23 16 11 22 11 21 15 17 20  7  8 23 16 22 10
 3 16 13 11 14 14 11 16  9 25 11 14  6  9  3 15  7
11 16 22 10  7  8 17 20 20  7 21 22  4  7  5  3 23
21  7 15  3 16 11 21 22 10  7 15 17 21 22  6  3 16
 9  7 20 17 23 21  3 16 11 15  3 14 17  8  3 14 14
22 17 13 11 14 14 21 17 15  7 22 10 11 16  9  9 11
24  7 21 15  7 22 10  7 15 17 21 22 22 10 20 11 14
14 11 16  9  7  0 18  7 20  7 16  5  7 11 22 11 21
 7 24  7 16  4  7 22 22  7 20 22 10  3 16  9  7 22
22 11 16  9  1 17 23 20 20 17  5 13 21 17  8  8 25
11 22 10  3  9 11 20 14 22 10  7  4  7 21 22 18  3
20 22 17  8 11 22 11 21 22 10  3 22 25 10  7 16 11
 6 11  7 11 25 11 14 14  4  7 20  7  4 17 20 16 11
16 18  3 20  3  6 11  5  7  3 16  6  3 14 14 22 10
 7 11 10  3 24  7 13 11 14 14  7  6 25 11 14 14  4
 7  5 17 15  7 15  1 21 14  3 24  7 21 11 25 11 14
14 16 17 22  9 11 24  7  1 17 23 15  1 16  3 15  7
 4  7  5  3 23 21  7  1 17 23 25 11 14 14 22 20  1
22 17 21 14 17 25  6 17 25 16 17 20 21 22 17 18 15
 1  5 17 14 14  7  5 22 11 16  9 17  8 21 14  3 24
 7 21  8 17 20 15  1  3  8 22  7 20 14 11  8  7  7
 4  7 17 20 11  7 22  7 15  7 22 10 10 18 11 22 11