8.551690673195275205e-02
1.604795916822829294e-02
3.164435380900101208e-02
3.871183735737417780e-02
1.209652247516903034e-01
2.181510396912252764e-02
2.086335425092315787e-02
4.955707280570641193e-02
7.325118607231290158e-02
2.197788956104563141e-03
8.086975227142328970e-03
4.206464329306452976e-02
2.526321736018444578e-02
7.172184876283856092e-02
7.467265410810447479e-02
2.066166078896626568e-02
1.040245301432319615e-03
6.332710132840230211e-02
6.728203117491646235e-02
8.938126949659494502e-02
2.681580936230437348e-02
1.059346274662571058e-02
1.825361895041649821e-02
1.913504859413457182e-03
1.721360615247340478e-02
1.137563214703837897e-03
